examples/jungfrau_arc_ascii.asc
ncols        1143
nrows        669
xllcorner    7.866250000025
yllcorner    46.452916666665
cellsize     0.000277777778
NODATA_value -32768
[rows 0 to 36 of 669, columns 85 to 169 of 1143]
640 641 643 646 646 645 645 646 650 656 658 659 669 681 693 706 713 718 727 737 743 754 769 781 791 802 812 820 829 841 857 869 878 887 896 958 986 1018 1026 1025 1022 1019 1016 1010 1015 1013 1015 1020 1023 1024 1027 1025 1017 1002 991 985 988 986 984 978 966 960 957 949 942 938 935 928 922 922 923 918 915 911 908 903 901 902 902 897 892 891 891 894 900
637 634 637 644 644 642 643 645 649 652 653 655 658 664 677 689 699 708 717 725 732 745 761 771 779 789 800 809 817 827 837 852 869 879 892 925 961 983 1004 1003 1004 999 997 998 994 996 998 999 1002 1006 1006 1004 996 979 970 966 967 968 965 959 950 947 943 938 930 919 913 909 901 897 896 895 892 893 893 891 888 888 883 875 873 873 875 880 886
642 639 638 642 648 648 645 646 646 650 653 653 653 654 657 672 686 695 704 713 722 732 746 758 765 771 780 793 804 815 827 840 856 875 886 896 921 950 974 984 988 988 985 982 986 985 986 987 989 988 984 979 974 970 959 946 944 943 943 939 934 930 926 921 914 903 895 887 879 873 871 867 866 867 871 873 870 867 862 859 859 861 863 868 872
649 647 647 651 653 654 652 648 647 649 649 650 649 648 652 659 668 679 692 706 715 722 732 740 749 758 764 770 784 799 812 827 841 855 868 882 913 928 954 970 975 977 975 971 969 965 966 968 969 967 962 959 960 956 945 930 925 925 923 920 914 909 898 890 885 882 880 873 868 861 854 850 848 846 847 850 848 847 848 847 848 848 847 852 859
652 651 650 648 649 649 649 648 646 644 644 645 645 647 650 655 663 670 681 694 705 713 720 727 735 744 752 762 771 785 801 816 831 844 858 869 881 913 931 954 961 963 963 956 952 943 938 942 945 942 942 943 938 935 918 906 909 909 906 902 899 891 880 863 860 863 859 857 853 848 844 839 831 827 827 829 831 830 828 832 834 833 835 840 845
654 652 649 646 643 644 645 644 643 645 646 647 648 649 650 652 654 657 661 673 686 695 706 714 723 733 744 755 767 777 789 804 817 828 842 855 869 885 908 925 939 944 929 932 930 926 918 913 916 923 923 923 911 891 882 883 887 889 887 884 881 876 867 861 853 844 840 840 839 834 831 825 816 812 813 815 816 814 813 814 819 821 825 831 836
660 657 653 648 644 643 642 643 644 647 650 651 651 649 647 647 650 654 658 662 669 677 686 697 708 719 729 738 751 765 778 790 801 812 828 845 852 860 892 903 916 916 910 910 908 905 897 895 895 897 900 892 874 866 862 860 862 865 864 861 858 855 852 847 841 832 826 823 826 827 821 811 801 799 802 804 803 802 801 804 806 810 815 819 823
674 669 663 657 651 646 643 640 645 650 651 651 651 650 649 648 650 653 654 654 657 662 671 682 693 703 712 722 735 751 766 781 794 804 814 824 835 840 845 876 886 890 895 893 885 881 880 878 875 875 869 860 848 845 846 843 841 844 844 842 838 836 834 829 820 814 808 805 802 807 808 798 788 786 789 791 793 793 793 795 799 803 805 808 810
691 684 680 674 668 663 658 656 658 659 656 652 650 648 647 647 647 648 648 648 648 651 656 667 679 689 698 711 723 738 753 769 784 793 800 807 814 823 843 860 862 872 873 870 862 857 855 857 855 851 846 834 828 829 827 826 826 827 825 827 825 822 815 805 794 792 794 791 790 791 791 787 778 772 774 778 781 785 786 787 791 795 798 799 801
705 699 695 688 682 678 674 675 676 671 666 657 648 646 643 644 644 646 647 645 642 644 651 659 668 677 688 699 711 722 735 751 762 774 782 789 798 810 818 833 842 844 845 841 835 827 826 827 827 826 821 815 811 811 808 804 806 803 800 798 798 794 787 776 767 764 771 780 780 782 779 773 767 764 764 766 770 772 776 780 784 787 789 791 792
722 714 707 701 695 687 683 682 680 678 672 668 659 650 645 641 643 646 647 648 645 642 649 655 662 670 680 691 701 711 720 732 746 760 768 774 779 790 798 823 825 825 824 819 811 805 801 802 802 800 796 792 791 789 783 781 782 784 779 772 765 764 761 754 747 748 753 760 769 771 767 760 758 755 754 757 761 765 770 773 774 772 776 777 778
736 727 722 718 712 706 697 689 684 680 674 669 664 658 650 645 646 648 651 651 651 651 653 656 657 662 670 683 697 706 716 731 742 747 753 756 763 768 781 800 813 811 807 802 795 789 783 783 783 779 776 772 764 761 760 759 765 767 763 752 743 743 743 737 734 736 739 745 752 756 751 746 740 738 741 745 751 756 762 765 759 756 755 757 761
761 752 738 728 720 710 702 697 691 683 676 669 663 658 654 649 646 648 651 653 656 658 659 658 657 665 674 674 679 692 704 718 728 733 739 741 740 747 763 779 786 786 788 798 787 775 769 766 766 767 760 748 739 733 734 739 740 742 737 728 726 727 726 724 723 723 727 730 734 738 735 730 727 721 724 734 739 744 748 750 749 746 745 746 750
797 779 761 746 732 723 714 703 694 686 678 673 668 661 656 654 652 650 651 652 654 655 653 651 657 664 663 664 672 681 685 688 699 710 722 720 722 722 741 743 753 766 769 758 756 768 760 757 758 753 743 729 719 717 717 715 711 707 705 711 714 715 713 711 712 715 718 720 721 718 717 716 715 714 715 720 726 729 733 734 734 734 735 739 744
841 816 776 759 749 739 727 712 699 687 680 673 665 656 654 652 650 649 650 650 651 652 649 645 642 644 649 653 661 670 676 677 679 682 683 695 697 698 700 705 712 729 737 738 734 732 732 734 717 743 726 717 712 708 705 698 688 683 685 689 695 697 698 701 704 707 709 710 709 706 702 701 701 703 706 710 715 717 717 718 717 718 724 731 737
874 836 814 784 765 750 738 723 708 694 684 677 669 660 655 653 650 647 646 648 648 647 646 643 641 641 642 643 647 655 662 668 673 674 676 679 681 682 671 677 688 696 704 707 710 709 701 705 704 705 702 697 706 700 688 677 669 664 664 667 672 677 685 691 694 698 697 697 697 694 691 689 690 693 695 699 701 704 706 704 702 703 710 721 732
903 869 840 818 780 769 760 744 727 710 696 692 686 675 665 658 653 653 652 651 651 648 646 644 643 642 643 645 649 653 658 661 665 667 663 660 663 662 666 672 678 681 683 687 689 692 688 688 685 681 681 679 684 678 669 663 659 657 656 656 661 666 672 676 679 682 683 683 685 687 685 683 683 684 687 686 689 693 695 694 694 697 703 713 722
907 888 871 844 783 786 784 772 754 725 708 701 695 686 676 667 662 660 659 657 654 651 650 649 647 645 645 645 647 649 652 655 655 656 656 654 651 649 651 656 659 661 663 669 674 670 667 665 664 665 663 657 664 662 659 657 656 655 654 655 658 662 663 664 664 669 672 675 678 679 679 679 679 680 682 683 682 682 686 687 689 693 698 708 718
916 899 887 873 839 802 802 794 777 757 735 715 700 687 677 669 665 662 660 658 656 653 649 648 646 645 647 647 647 649 651 653 653 654 654 651 650 650 651 653 654 656 658 659 659 659 658 657 655 655 653 651 650 654 655 655 655 655 654 654 656 658 658 658 660 663 666 669 673 674 673 674 676 678 676 676 675 675 675 678 680 685 692 702 711
931 926 904 893 877 839 832 808 788 765 745 729 714 696 682 676 673 669 664 662 658 655 651 646 644 646 648 652 653 653 653 653 653 653 653 654 653 653 654 655 655 654 655 657 654 650 650 651 651 651 650 649 647 650 650 652 653 654 655 655 655 654 654 655 657 660 662 664 666 667 667 670 673 674 672 669 669 671 672 674 677 679 684 692 700
964 938 943 925 913 885 846 814 799 777 757 739 725 714 703 694 689 684 677 669 663 658 656 654 650 647 651 652 652 651 651 652 652 652 652 653 654 654 654 653 653 652 652 652 653 652 650 650 650 650 650 650 650 650 651 652 651 652 653 654 654 653 652 653 656 657 659 660 662 662 663 666 669 672 670 666 666 667 668 669 673 678 680 686 692
1000 977 961 962 934 926 876 842 803 783 765 750 738 725 712 701 694 691 688 681 671 665 664 661 657 653 651 649 647 647 649 651 653 653 652 652 652 651 652 652 652 651 650 648 648 648 648 649 651 652 653 653 653 653 653 653 652 652 652 653 654 654 653 653 654 657 658 659 660 661 662 662 663 665 665 663 662 663 664 665 667 671 674 678 684
1019 1028 1004 982 970 941 922 869 830 802 778 763 746 734 723 712 703 702 700 694 685 678 676 672 664 657 651 649 647 647 649 651 652 653 652 651 651 651 651 652 653 654 653 652 650 648 647 648 650 653 654 654 653 653 653 654 653 653 653 653 653 654 652 652 654 656 659 660 661 661 660 659 659 660 660 660 660 662 664 664 664 666 666 667 670
1047 1047 1031 1009 1001 976 947 903 859 822 794 780 765 748 734 724 717 713 708 702 697 691 687 684 676 664 656 651 648 648 649 650 650 650 649 649 650 652 652 654 655 655 655 654 653 653 652 652 653 652 653 653 653 653 654 653 653 653 652 652 653 652 652 652 654 657 658 660 660 659 659 659 659 659 658 658 658 659 660 661 662 663 662 661 665
1055 1056 1051 1033 1012 1008 994 962 904 864 801 792 780 769 752 736 729 725 719 711 705 697 692 684 678 671 662 656 652 649 649 648 647 648 649 650 651 652 653 654 656 656 654 653 653 655 656 657 656 654 652 654 656 656 655 655 654 653 651 651 651 650 650 651 654 654 655 655 656 657 657 657 658 658 657 655 655 655 656 657 660 662 660 658 661
1072 1076 1050 1046 1055 1025 1003 993 957 932 886 869 847 792 773 761 753 743 732 723 715 706 695 687 680 675 671 666 662 658 656 654 653 654 652 652 652 653 654 655 656 656 654 652 652 653 654 655 655 654 657 661 661 661 660 660 660 658 657 657 658 657 654 654 655 654 652 651 654 656 656 656 657 659 659 659 657 659 658 659 659 662 661 658 656
1126 1124 1107 1110 1111 1085 1038 1019 1002 980 973 958 893 869 793 776 765 758 748 735 722 712 702 692 685 678 675 673 671 669 669 671 668 665 660 655 654 654 655 656 656 655 654 655 654 654 654 653 654 655 665 677 674 670 671 673 674 673 671 671 674 669 664 662 663 661 659 656 656 657 655 656 659 663 667 666 667 669 671 670 666 667 671 667 666
1174 1175 1167 1161 1131 1110 1085 1072 1055 1030 1011 995 955 923 887 860 780 769 760 752 737 722 714 708 698 688 685 684 681 678 676 674 673 671 667 665 661 658 655 653 653 654 655 657 657 658 659 674 691 700 707 707 703 697 693 692 691 687 684 684 682 681 676 673 672 670 669 667 665 665 663 659 663 668 673 676 680 685 685 682 677 674 677 683 684
1204 1212 1196 1195 1165 1150 1122 1121 1105 1077 1060 1054 1038 976 945 917 878 792 781 768 755 745 737 727 716 705 697 693 690 689 688 685 681 678 675 672 669 660 650 650 652 654 657 658 659 664 680 699 707 713 721 724 724 722 714 704 698 693 689 686 686 686 683 680 676 677 677 678 678 676 675 674 674 681 686 690 695 698 696 690 684 681 681 696 703
1208 1233 1216 1215 1200 1192 1156 1139 1116 1107 1087 1074 1064 1057 1033 962 933 904 803 788 774 765 758 752 744 728 715 708 703 702 700 698 693 687 680 674 670 665 662 659 659 658 657 659 662 664 676 692 705 718 725 731 732 730 724 717 710 703 698 694 690 688 688 687 689 689 690 691 692 690 685 685 691 696 700 704 710 713 707 709 705 704 712 727 748
1283 1273 1263 1258 1233 1201 1206 1157 1161 1149 1129 1127 1103 1086 1060 1055 980 949 918 890 781 776 779 780 768 755 743 730 725 721 715 707 698 688 681 675 672 669 671 676 672 664 659 658 660 662 665 679 702 718 728 732 733 733 732 726 720 719 717 710 703 698 700 701 699 697 699 700 702 700 697 698 705 709 709 715 732 736 741 751 746 744 744 762 773
1332 1319 1314 1292 1298 1297 1255 1237 1189 1193 1187 1158 1148 1124 1085 1079 1054 1035 969 936 908 884 852 807 795 777 763 754 747 739 730 723 715 702 689 683 678 677 677 676 674 667 661 658 655 656 658 668 683 700 714 722 728 731 732 733 732 730 729 728 723 722 726 725 718 711 714 717 721 725 722 732 736 731 729 737 756 766 771 772 771 772 772 774 784
1361 1362 1354 1334 1329 1321 1326 1286 1255 1233 1207 1198 1179 1160 1146 1121 1092 1068 1053 1013 987 936 916 909 811 798 784 773 763 755 747 736 726 714 702 694 688 685 683 681 677 671 665 659 657 656 656 659 671 685 696 708 716 724 732 740 740 740 740 739 741 743 745 747 747 746 746 749 751 751 752 756 763 763 757 763 776 782 787 786 790 795 799 806 820
1438 1437 1388 1376 1375 1393 1392 1347 1307 1294 1246 1218 1197 1177 1166 1149 1136 1096 1093 1061 1042 1043 989 926 930 901 789 784 777 770 760 749 736 724 714 704 699 693 686 679 677 674 668 662 658 655 656 658 665 674 683 692 704 714 723 731 741 744 747 748 751 755 759 761 764 769 778 779 774 771 772 776 781 786 793 794 788 796 800 801 797 816 825 839 849
1444 1442 1437 1386 1392 1389 1394 1391 1380 1327 1307 1254 1216 1217 1209 1177 1158 1144 1107 1100 1079 1063 1048 1013 968 949 917 800 795 789 774 759 747 737 732 725 715 704 691 682 679 678 676 673 668 662 656 658 660 663 666 675 685 697 708 715 723 735 744 749 753 764 774 778 781 787 795 800 797 791 791 796 798 806 813 815 814 820 826 823 835 844 855 865 881
1434 1438 1434 1413 1412 1404 1392 1396 1388 1374 1333 1309 1266 1229 1218 1218 1181 1168 1130 1113 1091 1078 1060 1054 1036 1022 974 949 902 867 849 770 754 748 741 735 728 719 709 698 690 688 686 678 670 667 664 660 658 658 659 662 671 681 689 701 711 723 734 745 755 768 782 792 794 800 806 810 809 808 805 802 804 811 821 830 834 837 844 846 874 885 900 914 920
1451 1437 1432 1424 1422 1411 1412 1412 1400 1390 1362 1334 1299 1263 1246 1222 1199 1171 1144 1116 1102 1076 1066 1055 1059 1051 1011 1043 1037 948 909 877 764 754 745 737 731 722 714 706 700 695 688 679 673 670 667 665 661 658 659 661 664 670 681 693 704 715 730 744 755 769 783 793 799 807 816 823 821 820 817 817 814 818 831 842 849 888 897 909 931 935 942 946 950
