examples/jungfrau_arc_ascii.asc
ncols        1143
nrows        669
xllcorner    7.866250000025
yllcorner    46.452916666665
cellsize     0.000277777778
NODATA_value -32768
[rows 74 to 110 of 669, columns 850 to 934 of 1143]
1987 1992 2000 2008 2017 2026 2032 2037 2043 2051 2078 2118 2142 2197 2214 2228 2242 2270 2316 2331 2362 2376 2400 2429 2448 2463 2475 2485 2500 2520 2539 2554 2565 2575 2591 2609 2625 2639 2649 2659 2666 2684 2706 2716 2722 2734 2752 2768 2784 2795 2808 2816 2821 2831 2842 2853 2864 2878 2889 2897 2905 2914 2920 2923 2926 2929 2933 2937 2944 2952 2957 2959 2964 2967 2972 2977 2986 3000 3012 3022 3031 3039 3051 3062 3072
1992 1996 2005 2016 2024 2031 2039 2047 2052 2056 2077 2103 2154 2188 2206 2229 2241 2261 2287 2320 2357 2369 2392 2416 2433 2445 2463 2482 2492 2512 2534 2546 2557 2568 2579 2598 2620 2634 2645 2659 2675 2689 2704 2715 2723 2734 2745 2761 2775 2786 2795 2806 2817 2828 2840 2851 2860 2872 2883 2893 2900 2906 2910 2913 2916 2920 2926 2932 2938 2944 2948 2953 2958 2964 2967 2970 2979 2989 2998 3006 3017 3030 3044 3059 3068
1998 2006 2014 2020 2028 2039 2047 2056 2070 2078 2080 2090 2151 2164 2193 2223 2237 2249 2260 2338 2359 2378 2375 2411 2420 2436 2452 2476 2502 2516 2527 2538 2547 2556 2567 2586 2609 2630 2647 2660 2671 2684 2695 2705 2716 2726 2734 2743 2756 2772 2785 2796 2809 2824 2840 2853 2859 2865 2874 2881 2888 2895 2901 2904 2908 2911 2916 2924 2931 2935 2939 2944 2950 2954 2958 2964 2970 2980 2990 2999 3008 3024 3042 3056 3069
2001 2010 2018 2026 2034 2042 2050 2057 2064 2076 2089 2096 2126 2154 2205 2220 2230 2249 2259 2275 2278 2322 2367 2409 2418 2419 2427 2438 2470 2507 2518 2527 2538 2549 2561 2572 2600 2631 2647 2661 2669 2676 2686 2696 2706 2716 2721 2729 2746 2765 2779 2792 2805 2817 2829 2841 2852 2859 2864 2870 2876 2884 2892 2897 2902 2905 2910 2917 2923 2926 2930 2936 2941 2947 2954 2961 2968 2979 2990 2997 3005 3018 3036 3054 3065
2001 2011 2021 2030 2039 2046 2053 2062 2074 2084 2090 2098 2117 2152 2212 2212 2226 2239 2260 2263 2269 2277 2348 2388 2404 2400 2412 2431 2464 2490 2504 2518 2525 2534 2549 2570 2602 2632 2649 2660 2667 2674 2682 2688 2694 2702 2712 2724 2738 2757 2775 2786 2797 2804 2814 2829 2842 2849 2855 2862 2871 2878 2882 2887 2892 2895 2900 2907 2913 2920 2925 2928 2934 2941 2951 2961 2970 2980 2986 2992 3004 3016 3032 3048 3055
2000 2009 2018 2029 2039 2051 2058 2066 2077 2087 2098 2115 2114 2128 2208 2214 2219 2248 2262 2257 2277 2279 2352 2388 2390 2397 2407 2440 2475 2490 2503 2510 2518 2524 2530 2557 2587 2617 2643 2654 2663 2669 2675 2680 2685 2692 2702 2716 2733 2750 2763 2774 2786 2801 2814 2825 2836 2845 2853 2862 2867 2871 2875 2880 2886 2893 2898 2904 2909 2914 2918 2921 2925 2933 2943 2953 2962 2971 2978 2984 2993 3011 3028 3039 3046
2004 2011 2019 2032 2045 2056 2065 2075 2080 2090 2110 2120 2120 2125 2178 2203 2224 2245 2266 2282 2284 2311 2347 2375 2385 2400 2422 2447 2471 2485 2493 2504 2517 2528 2540 2554 2583 2610 2630 2648 2656 2660 2665 2671 2677 2684 2699 2715 2735 2752 2757 2762 2779 2797 2811 2822 2833 2842 2852 2859 2862 2865 2868 2875 2883 2890 2898 2904 2909 2913 2916 2920 2925 2932 2940 2947 2955 2965 2974 2986 2999 3015 3030 3037 3043
2006 2014 2024 2038 2051 2061 2070 2078 2087 2102 2114 2136 2158 2158 2190 2214 2225 2248 2277 2285 2305 2356 2358 2362 2376 2393 2417 2443 2461 2478 2487 2496 2514 2530 2551 2572 2593 2611 2621 2631 2642 2650 2653 2658 2666 2677 2694 2716 2734 2744 2751 2755 2765 2785 2802 2812 2820 2830 2839 2847 2855 2859 2863 2869 2875 2884 2892 2898 2904 2909 2913 2917 2922 2928 2936 2943 2951 2961 2974 2989 3003 3014 3025 3036 3041
2015 2023 2035 2046 2056 2068 2079 2096 2103 2122 2137 2151 2156 2172 2181 2197 2214 2273 2275 2309 2346 2360 2361 2364 2371 2384 2391 2412 2459 2485 2486 2490 2505 2526 2550 2572 2594 2608 2619 2622 2626 2635 2643 2648 2655 2668 2683 2705 2724 2733 2742 2751 2763 2777 2789 2800 2808 2816 2824 2833 2844 2852 2858 2864 2872 2879 2886 2892 2896 2901 2906 2911 2918 2925 2932 2938 2947 2956 2972 2988 2998 3007 3017 3026 3033
2030 2039 2047 2056 2070 2082 2100 2118 2130 2147 2161 2170 2181 2193 2207 2227 2246 2265 2321 2350 2364 2373 2379 2384 2390 2399 2412 2457 2497 2498 2498 2498 2506 2533 2557 2570 2584 2600 2610 2614 2620 2627 2634 2643 2653 2664 2682 2699 2710 2720 2732 2745 2757 2768 2778 2787 2797 2807 2816 2826 2836 2843 2851 2861 2870 2877 2884 2888 2890 2893 2899 2907 2915 2921 2927 2935 2947 2959 2971 2983 2995 3006 3015 3022 3027
2048 2051 2070 2084 2094 2109 2121 2132 2146 2164 2180 2194 2201 2216 2235 2258 2275 2293 2328 2353 2371 2380 2390 2397 2404 2412 2421 2451 2487 2510 2520 2529 2542 2554 2565 2573 2581 2588 2598 2608 2617 2623 2628 2635 2653 2669 2681 2693 2701 2710 2723 2734 2743 2753 2763 2773 2783 2795 2809 2818 2825 2834 2844 2855 2866 2872 2877 2882 2887 2889 2892 2901 2909 2914 2920 2929 2940 2955 2970 2982 2994 3003 3012 3019 3024
2060 2079 2104 2112 2121 2128 2134 2146 2160 2177 2194 2204 2213 2231 2253 2277 2295 2322 2344 2361 2375 2386 2394 2401 2410 2423 2454 2489 2507 2524 2533 2541 2553 2565 2573 2579 2585 2592 2598 2605 2610 2615 2619 2626 2640 2662 2680 2689 2697 2704 2713 2724 2734 2744 2755 2765 2776 2788 2801 2812 2820 2826 2836 2848 2853 2858 2865 2872 2878 2881 2886 2894 2901 2906 2910 2915 2931 2949 2964 2976 2984 2993 3006 3016 3019
2078 2118 2115 2126 2134 2140 2148 2160 2175 2193 2208 2218 2226 2243 2264 2288 2318 2339 2356 2369 2382 2391 2397 2404 2410 2425 2457 2488 2512 2527 2539 2547 2556 2567 2576 2584 2590 2597 2603 2607 2612 2616 2621 2630 2641 2651 2663 2676 2686 2695 2703 2713 2723 2734 2746 2759 2771 2784 2798 2811 2819 2826 2831 2835 2841 2848 2856 2863 2866 2869 2876 2886 2896 2903 2913 2922 2929 2941 2958 2971 2980 2989 2999 3008 3012
2171 2171 2162 2159 2144 2149 2162 2175 2193 2212 2225 2235 2249 2264 2281 2315 2332 2350 2369 2380 2388 2396 2404 2410 2421 2450 2486 2505 2521 2531 2539 2550 2562 2572 2582 2589 2595 2600 2605 2610 2615 2619 2626 2631 2637 2644 2653 2663 2675 2685 2693 2699 2709 2721 2733 2747 2766 2782 2795 2806 2816 2823 2828 2832 2838 2846 2852 2855 2857 2862 2869 2880 2891 2903 2915 2923 2932 2945 2959 2971 2983 2990 2995 3000 3003
2214 2198 2195 2185 2192 2175 2186 2197 2214 2223 2236 2259 2279 2296 2311 2326 2341 2363 2381 2391 2398 2404 2409 2420 2449 2479 2496 2510 2522 2533 2547 2560 2571 2582 2588 2593 2597 2602 2607 2612 2615 2618 2622 2627 2633 2640 2649 2658 2663 2671 2678 2683 2693 2706 2717 2729 2747 2772 2792 2801 2811 2821 2829 2833 2837 2842 2845 2848 2852 2859 2868 2876 2886 2897 2908 2920 2930 2941 2952 2963 2976 2986 2990 2993 2996
2246 2230 2222 2223 2227 2222 2209 2220 2234 2242 2254 2279 2308 2332 2344 2355 2368 2378 2391 2402 2410 2418 2430 2446 2469 2494 2507 2518 2529 2541 2554 2567 2579 2590 2594 2596 2600 2605 2610 2614 2618 2621 2625 2630 2636 2643 2648 2649 2653 2657 2661 2667 2678 2691 2704 2718 2737 2758 2778 2795 2806 2814 2822 2827 2831 2836 2838 2839 2845 2855 2866 2874 2882 2891 2904 2917 2930 2938 2946 2957 2969 2979 2984 2988 2989
2289 2269 2266 2260 2265 2258 2261 2269 2277 2286 2304 2326 2334 2351 2365 2376 2386 2397 2406 2415 2422 2430 2442 2460 2482 2502 2513 2521 2534 2550 2562 2570 2577 2586 2592 2595 2599 2605 2611 2616 2620 2623 2628 2634 2641 2643 2646 2651 2653 2656 2660 2664 2671 2679 2693 2711 2736 2755 2769 2782 2798 2809 2816 2823 2828 2832 2834 2837 2841 2848 2862 2873 2881 2889 2900 2914 2926 2934 2943 2954 2966 2975 2980 2982 2982
2307 2287 2293 2287 2288 2291 2285 2309 2316 2317 2330 2338 2347 2359 2374 2386 2397 2407 2416 2421 2428 2440 2456 2479 2497 2507 2518 2530 2544 2559 2570 2577 2585 2590 2594 2597 2603 2606 2610 2614 2618 2624 2631 2636 2639 2644 2649 2654 2657 2660 2663 2667 2672 2681 2694 2712 2735 2754 2763 2774 2786 2800 2813 2820 2827 2831 2833 2835 2837 2845 2851 2863 2876 2886 2897 2909 2922 2934 2945 2955 2965 2971 2974 2977 2979
2318 2312 2324 2351 2353 2335 2328 2320 2327 2332 2342 2348 2357 2368 2382 2397 2408 2416 2424 2430 2437 2446 2465 2486 2500 2514 2521 2532 2552 2568 2576 2583 2589 2594 2596 2599 2602 2605 2611 2616 2620 2625 2630 2636 2640 2645 2650 2655 2658 2660 2665 2670 2676 2684 2696 2714 2735 2754 2763 2770 2779 2790 2801 2812 2819 2825 2827 2829 2832 2837 2845 2857 2868 2880 2895 2911 2923 2933 2942 2952 2960 2965 2970 2973 2973
2337 2333 2360 2377 2377 2369 2367 2372 2347 2349 2352 2367 2373 2382 2396 2405 2414 2423 2431 2438 2444 2455 2475 2492 2508 2521 2534 2548 2559 2575 2582 2586 2591 2593 2595 2598 2603 2609 2613 2617 2623 2630 2634 2636 2639 2643 2648 2654 2658 2664 2669 2673 2681 2689 2700 2714 2736 2755 2764 2773 2782 2790 2798 2806 2814 2818 2821 2824 2826 2832 2847 2863 2874 2887 2901 2911 2921 2931 2941 2950 2954 2958 2963 2967 2969
2386 2401 2400 2406 2398 2390 2381 2372 2375 2365 2371 2369 2397 2402 2418 2419 2425 2431 2441 2447 2456 2462 2486 2515 2530 2538 2549 2560 2571 2577 2582 2587 2590 2591 2593 2596 2601 2605 2610 2616 2624 2630 2634 2638 2641 2646 2650 2655 2662 2666 2671 2679 2686 2696 2710 2724 2740 2753 2764 2772 2781 2790 2799 2806 2812 2816 2819 2821 2823 2831 2842 2858 2871 2884 2897 2905 2914 2926 2938 2944 2948 2953 2957 2961 2963
2426 2429 2431 2434 2434 2430 2423 2411 2414 2408 2422 2430 2458 2449 2465 2460 2455 2465 2463 2474 2479 2492 2515 2545 2553 2556 2563 2573 2579 2581 2584 2588 2591 2592 2593 2597 2601 2604 2607 2614 2621 2626 2631 2638 2647 2654 2659 2662 2664 2670 2678 2687 2696 2705 2715 2729 2740 2749 2758 2768 2780 2790 2797 2802 2807 2813 2815 2815 2819 2831 2845 2856 2863 2871 2885 2899 2907 2918 2928 2937 2942 2945 2950 2952 2956
2440 2447 2450 2450 2447 2448 2438 2436 2443 2452 2466 2472 2475 2481 2489 2496 2495 2504 2514 2516 2523 2526 2545 2558 2564 2569 2574 2580 2584 2587 2589 2591 2591 2593 2594 2599 2602 2605 2610 2619 2625 2628 2634 2642 2649 2656 2662 2668 2676 2681 2688 2697 2705 2713 2721 2728 2740 2751 2760 2770 2780 2789 2795 2799 2804 2808 2810 2812 2816 2821 2835 2849 2859 2869 2881 2892 2902 2912 2921 2927 2933 2939 2942 2946 2949
2455 2446 2451 2457 2453 2459 2461 2464 2488 2486 2493 2492 2493 2487 2495 2503 2522 2531 2548 2555 2546 2548 2556 2569 2573 2574 2582 2589 2592 2594 2595 2597 2598 2599 2600 2603 2608 2614 2622 2630 2634 2638 2647 2656 2662 2666 2672 2680 2690 2699 2703 2707 2713 2720 2726 2732 2741 2753 2762 2769 2777 2785 2791 2796 2801 2802 2804 2810 2817 2826 2835 2848 2860 2870 2881 2893 2901 2906 2911 2916 2922 2927 2933 2937 2940
2485 2479 2483 2478 2478 2483 2494 2503 2512 2518 2520 2523 2519 2518 2516 2539 2548 2561 2567 2564 2563 2564 2567 2577 2582 2584 2590 2596 2599 2601 2602 2604 2604 2604 2607 2617 2626 2635 2642 2647 2654 2659 2662 2669 2675 2682 2689 2698 2707 2712 2716 2718 2721 2726 2731 2737 2744 2750 2756 2764 2772 2780 2787 2791 2795 2800 2806 2814 2821 2828 2837 2849 2860 2869 2878 2889 2899 2903 2905 2909 2913 2918 2923 2925 2928
2509 2496 2491 2490 2484 2504 2513 2526 2531 2556 2547 2544 2547 2559 2557 2571 2570 2579 2579 2574 2583 2587 2593 2594 2595 2594 2597 2600 2603 2604 2607 2608 2609 2613 2618 2629 2642 2650 2657 2660 2660 2667 2678 2683 2688 2696 2708 2713 2718 2722 2725 2728 2731 2735 2738 2742 2747 2753 2761 2767 2774 2781 2789 2795 2797 2800 2808 2816 2823 2829 2836 2845 2854 2863 2873 2883 2890 2895 2898 2901 2905 2910 2912 2913 2915
2570 2569 2553 2542 2540 2539 2534 2562 2561 2596 2582 2563 2563 2595 2593 2598 2593 2594 2592 2586 2595 2612 2633 2617 2608 2611 2606 2608 2607 2608 2613 2616 2623 2634 2640 2644 2652 2660 2666 2668 2673 2681 2692 2699 2705 2715 2722 2728 2730 2732 2736 2739 2742 2745 2747 2749 2756 2763 2769 2776 2781 2786 2791 2794 2798 2802 2809 2817 2824 2828 2831 2838 2848 2859 2868 2873 2879 2884 2887 2892 2897 2899 2900 2902 2904
2624 2605 2598 2592 2589 2581 2575 2585 2611 2612 2613 2612 2605 2608 2630 2613 2606 2607 2606 2605 2630 2655 2657 2661 2643 2636 2638 2621 2614 2619 2618 2627 2636 2655 2664 2670 2673 2677 2685 2691 2698 2705 2716 2723 2728 2730 2735 2736 2738 2741 2744 2748 2751 2753 2755 2759 2763 2767 2771 2776 2782 2787 2791 2794 2797 2801 2807 2814 2822 2827 2831 2836 2844 2852 2859 2866 2872 2876 2879 2881 2884 2887 2890 2895 2898
2654 2652 2645 2639 2616 2627 2629 2632 2635 2635 2634 2638 2662 2647 2662 2649 2625 2640 2634 2659 2671 2674 2677 2682 2686 2680 2681 2677 2654 2680 2644 2660 2662 2684 2690 2694 2699 2700 2704 2709 2714 2724 2730 2735 2737 2739 2741 2743 2747 2751 2754 2756 2758 2761 2764 2766 2768 2771 2775 2780 2786 2790 2793 2796 2800 2801 2804 2812 2820 2827 2832 2835 2840 2848 2854 2858 2863 2867 2869 2872 2873 2874 2878 2885 2892
2666 2661 2663 2664 2660 2652 2659 2659 2664 2662 2653 2661 2669 2674 2668 2671 2677 2676 2694 2688 2687 2690 2695 2695 2699 2708 2706 2712 2709 2713 2717 2705 2706 2709 2713 2719 2720 2721 2721 2726 2730 2734 2739 2745 2753 2755 2757 2759 2759 2761 2764 2769 2770 2771 2772 2773 2774 2777 2781 2786 2788 2791 2794 2797 2801 2804 2806 2810 2818 2825 2830 2834 2836 2840 2847 2854 2855 2856 2858 2861 2865 2867 2869 2874 2880
2676 2679 2680 2683 2684 2685 2687 2690 2690 2693 2689 2687 2692 2692 2687 2685 2698 2708 2712 2711 2700 2715 2710 2716 2735 2740 2738 2741 2737 2731 2729 2727 2725 2731 2734 2739 2743 2743 2749 2751 2750 2746 2754 2761 2766 2769 2769 2769 2771 2773 2776 2778 2778 2779 2779 2778 2780 2782 2784 2787 2789 2791 2794 2799 2802 2805 2809 2811 2814 2821 2827 2830 2832 2835 2839 2843 2846 2846 2850 2855 2858 2860 2861 2867 2875
2694 2694 2695 2701 2705 2705 2708 2707 2710 2712 2711 2711 2711 2714 2709 2715 2723 2718 2733 2751 2736 2758 2748 2752 2752 2751 2751 2752 2752 2752 2748 2745 2750 2756 2759 2760 2760 2762 2766 2770 2772 2771 2771 2775 2776 2778 2778 2779 2779 2781 2781 2782 2783 2783 2784 2786 2787 2788 2788 2789 2791 2794 2796 2799 2802 2805 2809 2812 2814 2819 2825 2828 2829 2833 2836 2839 2843 2845 2848 2851 2853 2853 2857 2864 2873
2731 2724 2720 2720 2719 2722 2726 2727 2730 2729 2720 2722 2725 2731 2735 2742 2750 2751 2765 2771 2775 2779 2783 2780 2772 2768 2767 2766 2765 2767 2767 2768 2771 2777 2781 2780 2778 2781 2783 2784 2785 2783 2784 2786 2787 2788 2788 2788 2788 2788 2788 2789 2791 2790 2790 2790 2791 2791 2792 2795 2797 2798 2801 2804 2805 2807 2810 2813 2816 2820 2823 2826 2829 2832 2835 2838 2840 2843 2842 2845 2847 2847 2849 2857 2870
2750 2745 2739 2738 2743 2749 2748 2750 2754 2750 2749 2749 2755 2756 2753 2763 2770 2781 2789 2793 2795 2796 2799 2798 2790 2784 2781 2781 2780 2779 2778 2781 2785 2788 2790 2793 2794 2795 2796 2797 2796 2794 2795 2793 2794 2793 2793 2793 2792 2792 2794 2796 2795 2796 2795 2796 2794 2794 2795 2798 2801 2803 2805 2808 2810 2812 2816 2820 2822 2824 2826 2827 2829 2833 2834 2836 2838 2839 2840 2842 2845 2845 2848 2857 2865
2772 2769 2768 2766 2768 2774 2777 2772 2775 2784 2787 2792 2790 2791 2790 2797 2804 2813 2815 2815 2813 2812 2810 2807 2800 2796 2796 2796 2794 2791 2791 2793 2797 2800 2801 2803 2807 2809 2808 2806 2804 2802 2800 2798 2797 2797 2797 2797 2797 2797 2797 2797 2797 2797 2798 2797 2797 2796 2798 2800 2803 2807 2809 2811 2813 2815 2819 2821 2823 2826 2828 2829 2830 2831 2833 2835 2838 2840 2842 2846 2848 2849 2852 2857 2862
2802 2797 2793 2792 2798 2801 2801 2804 2811 2810 2810 2807 2811 2814 2823 2830 2836 2839 2837 2830 2826 2823 2821 2817 2813 2811 2811 2811 2810 2808 2807 2808 2810 2811 2811 2814 2817 2817 2814 2812 2810 2807 2804 2803 2802 2801 2801 2802 2801 2799 2798 2798 2799 2800 2800 2799 2798 2799 2800 2803 2807 2810 2811 2813 2815 2817 2819 2821 2823 2826 2829 2831 2831 2834 2836 2838 2840 2841 2844 2847 2848 2850 2853 2857 2859
2821 2818 2815 2813 2814 2817 2818 2823 2835 2836 2825 2824 2828 2835 2847 2858 2859 2859 2860 2852 2841 2837 2835 2833 2829 2825 2820 2820 2820 2821 2822 2824 2824 2820 2818 2821 2823 2822 2820 2817 2814 2812 2809 2806 2805 2805 2805 2804 2803 2803 2803 2801 2800 2801 2801 2800 2800 2800 2803 2806 2809 2812 2814 2816 2819 2822 2824 2825 2827 2830 2833 2834 2835 2837 2839 2840 2841 2842 2843 2845 2846 2848 2851 2854 2858
