examples/jungfrau_arc_ascii.asc
ncols        1143
nrows        669
xllcorner    7.866250000025
yllcorner    46.452916666665
cellsize     0.000277777778
NODATA_value -32768
[rows 518 to 554 of 669, columns 1020 to 1104 of 1143]
2490 2485 2482 2478 2477 2476 2476 2475 2478 2482 2539 2614 2638 2650 2664 2677 2687 2697 2756 2734 2748 2800 2824 2839 2851 2867 2884 2887 2891 2897 2900 2904 2904 2905 2907 2911 2912 2919 2925 2937 2953 2963 2975 2997 3002 3010 3019 3041 3067 3090 3109 3113 3114 3118 3126 3125 3132 3143 3148 3150 3152 3144 3136 3132 3123 3120 3115 3100 3100 3077 3064 3052 3006 3003 2994 2985 2976 2966 2956 2947 2929 2903 2893 2885 2877
2485 2482 2480 2479 2478 2476 2475 2475 2478 2493 2538 2593 2624 2635 2650 2665 2678 2706 2742 2762 2754 2790 2813 2829 2840 2851 2860 2865 2867 2868 2873 2877 2879 2880 2882 2889 2901 2906 2912 2922 2940 2963 2970 2976 2982 2991 3013 3035 3054 3071 3082 3093 3099 3105 3112 3109 3118 3125 3136 3144 3145 3137 3133 3123 3117 3123 3115 3110 3097 3077 3062 3052 3036 3000 2984 2975 2966 2958 2949 2939 2921 2904 2893 2882 2877
2480 2478 2478 2477 2475 2474 2473 2474 2475 2484 2496 2554 2612 2626 2644 2660 2676 2691 2705 2724 2747 2767 2785 2801 2814 2822 2833 2837 2835 2839 2844 2847 2851 2855 2859 2868 2879 2869 2886 2903 2923 2940 2948 2956 2968 2983 3007 3032 3047 3058 3070 3079 3089 3096 3098 3107 3114 3122 3129 3140 3148 3138 3136 3127 3123 3125 3121 3113 3097 3084 3070 3074 3041 3006 2983 2974 2967 2957 2947 2931 2918 2907 2893 2880 2873
2474 2474 2474 2472 2470 2469 2470 2471 2473 2475 2505 2560 2592 2605 2624 2648 2666 2680 2693 2707 2724 2742 2751 2774 2789 2795 2794 2800 2806 2810 2821 2826 2832 2834 2844 2851 2861 2873 2886 2897 2905 2913 2923 2936 2948 2966 2987 3010 3031 3041 3052 3062 3073 3081 3093 3105 3111 3120 3137 3154 3160 3155 3149 3141 3142 3143 3157 3128 3117 3097 3087 3091 3050 3021 2997 2978 2971 2961 2945 2930 2917 2908 2896 2882 2874
2469 2468 2468 2469 2466 2465 2466 2468 2469 2471 2476 2491 2550 2599 2610 2626 2653 2673 2684 2697 2712 2724 2732 2742 2753 2761 2768 2780 2791 2794 2800 2810 2820 2828 2836 2845 2854 2864 2877 2888 2896 2908 2918 2932 2945 2965 2989 3009 3024 3036 3046 3054 3063 3077 3089 3104 3113 3124 3142 3156 3167 3176 3172 3165 3160 3166 3155 3146 3128 3118 3113 3098 3074 3042 3013 2998 2981 2965 2947 2936 2922 2910 2897 2882 2867
2466 2466 2465 2463 2462 2462 2463 2465 2466 2468 2471 2511 2565 2588 2601 2616 2632 2652 2672 2686 2700 2711 2721 2732 2742 2751 2760 2767 2772 2778 2787 2798 2807 2819 2828 2837 2846 2855 2868 2882 2895 2908 2920 2932 2955 2978 2993 3007 3018 3029 3037 3058 3060 3071 3084 3102 3114 3126 3154 3162 3174 3177 3176 3175 3179 3164 3154 3141 3120 3108 3105 3089 3075 3063 3039 3008 2988 2980 2971 2957 2942 2925 2910 2894 2880
2468 2465 2463 2462 2460 2461 2462 2465 2466 2468 2471 2505 2553 2581 2595 2606 2619 2632 2645 2659 2675 2691 2704 2716 2727 2740 2746 2753 2763 2772 2777 2785 2797 2808 2818 2827 2841 2852 2866 2882 2893 2906 2925 2941 2955 2972 2986 2998 3009 3018 3024 3043 3054 3065 3082 3097 3116 3133 3154 3170 3191 3184 3177 3167 3163 3154 3144 3132 3117 3107 3097 3090 3082 3074 3058 3033 3005 2992 2987 2973 2957 2940 2924 2908 2895
2466 2463 2461 2462 2462 2461 2461 2462 2465 2468 2470 2478 2524 2567 2584 2600 2608 2617 2627 2638 2652 2665 2679 2690 2702 2715 2724 2735 2750 2763 2772 2781 2790 2803 2813 2825 2838 2852 2866 2883 2896 2909 2924 2941 2956 2966 2977 2989 2998 3008 3019 3032 3043 3063 3080 3089 3113 3145 3167 3182 3191 3191 3184 3167 3146 3135 3128 3120 3109 3100 3094 3087 3081 3073 3062 3049 3032 3019 3009 2988 2965 2945 2928 2914 2902
2465 2462 2462 2461 2461 2460 2459 2459 2461 2463 2470 2489 2521 2550 2569 2583 2598 2609 2619 2629 2641 2655 2667 2677 2689 2704 2716 2724 2734 2753 2769 2778 2791 2803 2813 2827 2841 2854 2869 2882 2893 2904 2918 2934 2946 2959 2968 2980 2990 3001 3021 3033 3047 3064 3079 3090 3112 3162 3190 3203 3201 3196 3180 3161 3139 3124 3118 3111 3101 3092 3086 3079 3075 3068 3060 3049 3039 3027 3011 2992 2974 2957 2946 2934 2927
2461 2461 2461 2459 2456 2454 2454 2456 2459 2464 2472 2494 2516 2536 2554 2570 2585 2600 2613 2631 2646 2653 2662 2678 2693 2705 2716 2724 2737 2756 2772 2786 2796 2807 2817 2828 2843 2856 2866 2877 2889 2901 2911 2924 2936 2946 2957 2969 2986 3003 3019 3036 3053 3078 3083 3092 3135 3173 3186 3211 3203 3188 3171 3150 3133 3120 3114 3105 3097 3088 3081 3073 3065 3058 3053 3047 3037 3020 3008 2996 2981 2967 2960 2957 2949
2456 2457 2457 2455 2452 2452 2452 2456 2460 2466 2477 2490 2510 2529 2551 2575 2587 2597 2611 2631 2655 2671 2677 2687 2699 2712 2723 2733 2743 2760 2780 2795 2805 2814 2821 2831 2841 2853 2864 2875 2886 2898 2910 2921 2933 2940 2948 2960 2977 3001 3025 3047 3065 3083 3094 3129 3173 3184 3196 3216 3206 3192 3174 3154 3135 3118 3109 3100 3093 3084 3076 3065 3056 3051 3047 3043 3035 3025 3013 3003 2988 2972 2967 2963 2955
2453 2454 2454 2454 2454 2453 2455 2456 2459 2465 2476 2489 2510 2529 2542 2560 2582 2600 2624 2648 2659 2665 2673 2688 2710 2724 2733 2740 2756 2775 2787 2798 2808 2816 2824 2832 2842 2851 2861 2872 2882 2894 2907 2919 2929 2941 2952 2968 2985 3004 3029 3058 3087 3111 3130 3151 3169 3189 3209 3227 3217 3205 3188 3167 3145 3127 3110 3098 3091 3078 3063 3055 3053 3049 3044 3038 3033 3025 3013 3003 2995 2987 2977 2967 2956
2450 2450 2452 2453 2454 2455 2454 2454 2456 2460 2466 2480 2495 2514 2547 2559 2579 2617 2636 2643 2654 2672 2687 2699 2713 2730 2745 2758 2771 2782 2791 2801 2809 2818 2825 2832 2841 2851 2861 2871 2882 2895 2908 2920 2932 2948 2967 2988 3004 3026 3051 3076 3111 3138 3159 3176 3196 3210 3230 3233 3224 3214 3193 3169 3156 3142 3126 3114 3096 3076 3060 3053 3047 3043 3036 3030 3027 3023 3018 3008 3004 3006 3013 3012 2999
2445 2447 2449 2450 2452 2451 2450 2451 2452 2455 2459 2467 2486 2539 2583 2586 2603 2625 2633 2637 2648 2670 2690 2705 2721 2740 2752 2764 2775 2784 2791 2800 2812 2821 2829 2835 2845 2856 2867 2875 2888 2901 2916 2929 2949 2965 2989 3008 3033 3056 3081 3106 3132 3161 3196 3217 3220 3228 3234 3241 3237 3224 3211 3197 3181 3164 3141 3112 3090 3075 3063 3053 3045 3038 3032 3026 3021 3018 3015 3012 3010 3010 3012 3023 3012
2443 2444 2446 2448 2449 2448 2447 2446 2446 2446 2451 2457 2466 2518 2571 2594 2611 2628 2638 2644 2647 2659 2684 2703 2720 2741 2764 2776 2782 2789 2795 2802 2814 2825 2835 2847 2860 2874 2882 2889 2900 2915 2940 2968 2991 3009 3025 3041 3061 3081 3103 3124 3150 3178 3205 3234 3243 3247 3248 3250 3245 3241 3228 3220 3208 3201 3166 3094 3068 3064 3060 3049 3039 3033 3027 3020 3014 3007 3002 3000 2996 2995 3002 3005 3014
2438 2440 2442 2444 2445 2445 2444 2442 2441 2442 2444 2448 2475 2531 2581 2594 2609 2631 2645 2649 2659 2674 2685 2697 2714 2740 2760 2775 2788 2793 2799 2809 2819 2837 2851 2858 2873 2893 2892 2897 2907 2957 2992 3002 3026 3041 3052 3071 3085 3107 3128 3152 3178 3198 3221 3236 3246 3248 3245 3242 3237 3227 3216 3212 3204 3175 3118 3110 3078 3069 3051 3041 3032 3025 3018 3010 3000 2994 2990 2986 2982 2982 2985 2989 2985
2434 2437 2439 2440 2441 2442 2441 2440 2440 2442 2446 2445 2493 2560 2583 2586 2602 2625 2639 2648 2662 2678 2691 2706 2724 2746 2767 2786 2804 2814 2826 2838 2850 2872 2880 2904 2921 2945 2927 2930 2981 3012 3023 3026 3043 3061 3081 3098 3112 3126 3143 3166 3194 3216 3229 3236 3239 3235 3229 3226 3220 3211 3206 3201 3198 3193 3183 3160 3172 3113 3076 3053 3029 3021 3011 3000 2993 2986 2975 2968 2967 2969 2975 2976 2973
2430 2433 2435 2438 2438 2437 2437 2438 2438 2442 2453 2479 2535 2578 2584 2594 2618 2634 2637 2645 2659 2676 2692 2713 2737 2756 2771 2790 2809 2827 2845 2861 2875 2883 2904 2942 2962 2979 2989 3002 3031 3039 3056 3059 3060 3083 3109 3127 3141 3148 3159 3180 3199 3221 3224 3226 3225 3219 3211 3207 3202 3198 3199 3198 3195 3196 3191 3175 3154 3111 3089 3067 3042 3012 3000 2993 2985 2975 2966 2961 2957 2955 2955 2958 2954
2426 2429 2432 2433 2433 2432 2433 2434 2436 2438 2438 2467 2536 2573 2577 2590 2608 2623 2635 2646 2657 2671 2683 2704 2727 2746 2764 2787 2813 2836 2859 2874 2890 2904 2925 2947 2966 2978 2989 3005 3025 3049 3067 3075 3081 3089 3109 3142 3162 3183 3197 3200 3210 3211 3210 3209 3205 3197 3190 3186 3185 3186 3187 3189 3186 3187 3165 3131 3114 3094 3086 3072 3045 3011 2998 2987 2978 2971 2965 2956 2949 2944 2942 2943 2940
2423 2425 2427 2430 2431 2430 2430 2430 2433 2435 2436 2434 2438 2506 2562 2570 2585 2607 2622 2631 2645 2660 2674 2688 2707 2727 2748 2773 2802 2831 2855 2882 2901 2916 2932 2947 2961 2977 2990 3007 3027 3047 3065 3086 3098 3115 3134 3149 3174 3184 3196 3199 3195 3192 3190 3187 3182 3176 3170 3167 3167 3167 3167 3171 3174 3173 3151 3119 3101 3092 3079 3066 3058 3039 3009 2992 2975 2967 2961 2949 2937 2929 2927 2928 2923
2418 2421 2423 2426 2427 2428 2426 2427 2429 2432 2434 2433 2474 2535 2555 2558 2572 2590 2604 2616 2634 2656 2668 2679 2702 2726 2746 2776 2801 2818 2847 2875 2898 2914 2926 2939 2956 2973 2991 3009 3027 3046 3070 3093 3115 3137 3152 3165 3173 3180 3177 3176 3173 3170 3167 3165 3162 3158 3153 3151 3150 3151 3153 3156 3158 3152 3137 3110 3096 3086 3078 3061 3046 3043 3028 2999 2977 2974 2955 2937 2927 2919 2913 2912 2905
2414 2415 2417 2418 2420 2422 2422 2421 2422 2422 2422 2423 2437 2493 2545 2550 2556 2574 2593 2609 2622 2644 2668 2683 2701 2724 2746 2772 2801 2811 2829 2853 2889 2902 2917 2933 2949 2969 2989 3007 3029 3052 3074 3095 3116 3138 3152 3161 3167 3168 3163 3157 3152 3149 3147 3145 3144 3140 3139 3137 3136 3138 3141 3143 3135 3119 3101 3089 3080 3073 3061 3050 3038 3033 3029 3026 3011 3000 2992 2941 2923 2915 2909 2899 2888
2410 2410 2409 2411 2414 2416 2415 2414 2413 2414 2413 2419 2427 2473 2525 2538 2549 2570 2594 2610 2625 2640 2649 2657 2670 2709 2743 2769 2789 2813 2832 2854 2875 2899 2914 2932 2951 2971 2989 3009 3034 3059 3079 3097 3118 3133 3144 3149 3151 3148 3143 3137 3134 3132 3132 3129 3126 3125 3126 3127 3127 3129 3132 3132 3118 3097 3077 3069 3052 3035 3033 3025 3028 3028 3026 3026 3024 3022 3003 2967 2918 2911 2906 2894 2884
2407 2407 2406 2405 2407 2408 2407 2406 2408 2409 2417 2410 2437 2456 2500 2533 2549 2571 2588 2606 2619 2630 2637 2657 2681 2733 2750 2769 2795 2818 2834 2850 2870 2892 2911 2931 2955 2978 2997 3015 3040 3063 3079 3095 3115 3129 3136 3135 3129 3123 3120 3117 3115 3115 3115 3114 3112 3111 3112 3115 3119 3122 3123 3120 3104 3084 3065 3048 3028 3016 3010 3009 3011 3007 3013 3015 3015 3005 2994 2976 2918 2916 2908 2900 2889
2402 2402 2402 2402 2402 2401 2401 2402 2402 2404 2407 2403 2431 2442 2488 2530 2536 2540 2573 2609 2622 2636 2649 2690 2720 2740 2756 2778 2798 2816 2831 2847 2868 2889 2916 2944 2970 2988 3005 3024 3046 3068 3086 3099 3111 3123 3127 3123 3113 3107 3102 3100 3101 3100 3099 3099 3097 3096 3097 3101 3104 3105 3109 3100 3083 3063 3044 3024 3011 3002 3001 2996 2991 2989 2991 2995 2995 2986 2978 2967 2923 2912 2908 2900 2898
2397 2398 2399 2400 2399 2398 2398 2399 2399 2400 2398 2397 2427 2437 2446 2504 2546 2575 2611 2615 2620 2635 2652 2688 2718 2739 2758 2780 2803 2819 2835 2857 2881 2907 2931 2954 2971 2991 3014 3037 3059 3077 3091 3103 3113 3121 3118 3110 3103 3095 3089 3088 3089 3085 3082 3081 3081 3080 3082 3087 3087 3089 3085 3067 3041 3032 3014 2999 2990 2991 2988 2984 2979 2977 2978 2976 2975 2967 2953 2945 2917 2902 2895 2896 2894
2396 2396 2397 2397 2396 2396 2395 2395 2396 2397 2397 2408 2414 2432 2449 2500 2562 2577 2620 2629 2638 2639 2659 2690 2721 2745 2766 2786 2809 2830 2850 2871 2900 2929 2951 2962 2976 2990 3012 3041 3068 3086 3096 3108 3117 3117 3110 3098 3091 3088 3085 3081 3077 3070 3065 3060 3060 3063 3066 3068 3067 3059 3054 3042 3012 3005 2993 2982 2974 2972 2972 2968 2967 2967 2967 2964 2959 2949 2932 2919 2907 2895 2885 2892 2880
2392 2393 2393 2391 2391 2389 2389 2387 2387 2386 2395 2404 2405 2421 2467 2503 2572 2615 2625 2634 2644 2652 2675 2703 2733 2761 2780 2801 2823 2841 2858 2880 2913 2938 2952 2963 2975 2993 3017 3048 3077 3092 3100 3108 3114 3111 3093 3083 3078 3074 3073 3070 3063 3057 3054 3049 3044 3043 3048 3049 3042 3035 3019 3015 3005 2997 2985 2970 2961 2958 2954 2950 2952 2951 2953 2950 2945 2939 2918 2903 2898 2888 2878 2872 2865
2387 2388 2389 2388 2384 2383 2384 2382 2384 2382 2385 2393 2397 2407 2462 2501 2597 2610 2620 2639 2660 2677 2695 2718 2742 2766 2784 2803 2829 2844 2859 2884 2913 2935 2950 2967 2983 3001 3020 3049 3077 3090 3100 3107 3109 3096 3078 3070 3066 3064 3058 3052 3048 3046 3041 3033 3030 3027 3025 3026 3026 3017 3007 2998 2992 2987 2969 2958 2952 2945 2936 2932 2929 2931 2931 2931 2933 2924 2909 2896 2891 2885 2876 2866 2855
2381 2382 2385 2385 2384 2382 2379 2377 2376 2380 2382 2376 2384 2415 2391 2505 2605 2608 2614 2634 2656 2678 2698 2720 2740 2763 2784 2803 2829 2850 2866 2890 2905 2932 2954 2973 2993 3012 3028 3041 3062 3087 3099 3108 3109 3093 3073 3062 3054 3048 3044 3039 3035 3031 3025 3020 3014 3007 3004 3005 3004 3000 2994 2988 2981 2974 2964 2951 2945 2934 2925 2920 2918 2917 2913 2911 2909 2905 2897 2889 2885 2879 2871 2863 2851
2376 2378 2380 2382 2380 2378 2376 2373 2372 2375 2376 2375 2374 2378 2452 2557 2592 2603 2612 2625 2645 2665 2690 2715 2728 2745 2776 2798 2820 2846 2891 2909 2921 2932 2955 2972 2983 3003 3028 3048 3067 3091 3106 3109 3107 3093 3070 3053 3042 3037 3032 3028 3024 3020 3016 3009 3001 2996 2989 2986 2982 2982 2980 2975 2970 2967 2961 2955 2942 2926 2918 2915 2913 2909 2902 2897 2893 2888 2884 2877 2872 2865 2856 2852 2835
2372 2374 2376 2377 2375 2373 2371 2371 2371 2373 2374 2373 2371 2387 2475 2552 2565 2579 2602 2622 2640 2659 2682 2704 2715 2731 2759 2782 2796 2800 2840 2895 2917 2937 2956 2967 2988 3015 3036 3055 3080 3099 3108 3113 3102 3079 3056 3040 3033 3027 3025 3020 3016 3012 3007 3001 2995 2988 2983 2978 2974 2972 2967 2964 2962 2960 2955 2948 2934 2922 2916 2914 2909 2901 2894 2888 2885 2881 2875 2871 2863 2852 2839 2822 2809
2368 2370 2372 2371 2369 2368 2368 2368 2368 2370 2371 2366 2395 2464 2514 2533 2550 2573 2596 2617 2637 2654 2671 2696 2720 2740 2759 2778 2805 2856 2895 2901 2910 2931 2952 2974 2998 3020 3039 3057 3081 3096 3107 3101 3087 3066 3040 3028 3022 3018 3016 3013 3009 3005 3002 2997 2991 2986 2980 2975 2969 2963 2959 2956 2955 2953 2948 2940 2931 2922 2918 2914 2906 2896 2888 2883 2879 2875 2868 2864 2858 2844 2825 2806 2790
2364 2365 2366 2367 2367 2366 2365 2363 2361 2361 2371 2406 2443 2488 2525 2539 2556 2579 2602 2617 2634 2648 2661 2692 2709 2722 2725 2732 2766 2814 2854 2887 2899 2921 2946 2969 2992 3014 3034 3049 3086 3098 3102 3105 3098 3059 3035 3023 3015 3008 3004 3001 2998 2999 2999 2994 2988 2984 2981 2974 2967 2960 2956 2954 2952 2949 2945 2939 2931 2926 2921 2914 2906 2896 2888 2883 2876 2867 2861 2856 2846 2834 2821 2803 2790
2360 2361 2362 2362 2363 2363 2359 2358 2357 2358 2360 2419 2495 2475 2526 2533 2554 2568 2596 2626 2634 2650 2667 2691 2715 2734 2746 2740 2790 2828 2840 2866 2900 2930 2961 2983 2997 3016 3031 3046 3087 3102 3103 3095 3086 3064 3034 3018 3008 3000 2997 2993 2990 2992 2994 2991 2988 2985 2983 2977 2968 2962 2959 2957 2953 2948 2944 2937 2930 2926 2922 2915 2905 2894 2888 2879 2870 2862 2856 2848 2840 2832 2824 2811 2803
2354 2354 2355 2357 2358 2358 2356 2356 2361 2363 2361 2396 2417 2461 2517 2535 2548 2547 2578 2618 2628 2653 2672 2697 2718 2732 2763 2785 2824 2823 2833 2863 2896 2932 2964 2986 3004 3021 3037 3056 3081 3090 3091 3083 3072 3058 3037 3014 2999 2995 2991 2985 2984 2987 2988 2987 2987 2986 2982 2976 2973 2967 2963 2960 2956 2950 2943 2937 2932 2927 2918 2908 2900 2892 2884 2876 2867 2859 2852 2846 2840 2835 2830 2825 2817
2347 2348 2350 2353 2353 2353 2351 2348 2346 2345 2364 2373 2407 2456 2505 2530 2552 2566 2590 2617 2635 2651 2680 2703 2721 2743 2772 2794 2810 2829 2842 2861 2890 2914 2949 2990 3003 3015 3037 3050 3066 3089 3087 3077 3066 3054 3035 3016 3000 2990 2985 2980 2978 2979 2981 2982 2982 2980 2977 2975 2972 2970 2965 2959 2954 2948 2943 2937 2931 2923 2912 2901 2893 2885 2880 2873 2866 2858 2850 2844 2840 2835 2832 2829 2826
