examples/jungfrau_arc_ascii.asc
ncols        1143
nrows        669
xllcorner    7.866250000025
yllcorner    46.452916666665
cellsize     0.000277777778
NODATA_value -32768
[rows 296 to 332 of 669, columns 255 to 339 of 1143]
2161 2168 2175 2183 2188 2197 2202 2206 2211 2216 2219 2220 2222 2225 2228 2233 2238 2238 2244 2248 2254 2262 2272 2276 2310 2344 2349 2369 2383 2394 2408 2424 2437 2465 2486 2499 2508 2526 2541 2537 2523 2452 2469 2510 2515 2525 2521 2510 2505 2498 2495 2487 2484 2478 2474 2471 2471 2470 2471 2473 2475 2478 2480 2482 2486 2488 2492 2499 2504 2509 2510 2509 2507 2505 2505 2503 2500 2500 2503 2506 2513 2518 2525 2533 2537
2187 2190 2192 2199 2205 2207 2211 2214 2218 2222 2227 2231 2232 2233 2239 2244 2249 2256 2257 2264 2270 2283 2290 2304 2335 2357 2373 2387 2396 2406 2417 2432 2467 2484 2498 2506 2520 2544 2554 2557 2552 2518 2514 2526 2672 2588 2583 2567 2552 2550 2535 2528 2518 2513 2510 2507 2506 2505 2506 2509 2511 2514 2516 2519 2523 2526 2531 2535 2543 2548 2550 2549 2544 2539 2531 2527 2521 2522 2525 2529 2536 2549 2553 2550 2563
2202 2204 2207 2209 2212 2215 2217 2222 2228 2231 2236 2239 2242 2244 2249 2255 2263 2268 2273 2283 2295 2308 2311 2344 2356 2373 2391 2404 2410 2420 2426 2461 2478 2496 2507 2522 2540 2551 2563 2583 2604 2625 2641 2659 2665 2683 2638 2626 2612 2600 2577 2569 2558 2552 2546 2543 2541 2541 2542 2544 2546 2550 2552 2556 2560 2564 2568 2573 2581 2586 2589 2593 2584 2575 2561 2552 2551 2534 2538 2552 2559 2566 2581 2588 2593
2220 2217 2218 2219 2219 2224 2227 2234 2237 2241 2247 2251 2252 2254 2260 2266 2274 2285 2294 2307 2316 2334 2345 2357 2379 2393 2409 2417 2428 2443 2457 2482 2502 2516 2527 2537 2547 2560 2575 2596 2624 2629 2644 2659 2678 2692 2705 2722 2670 2645 2625 2606 2602 2595 2587 2580 2577 2575 2578 2578 2581 2585 2588 2591 2595 2600 2605 2611 2616 2625 2622 2622 2620 2611 2597 2581 2573 2575 2575 2582 2590 2597 2605 2608 2609
2235 2232 2231 2232 2233 2235 2240 2243 2247 2252 2257 2261 2265 2267 2275 2284 2292 2301 2310 2325 2340 2357 2365 2374 2386 2400 2409 2423 2438 2463 2481 2499 2517 2523 2541 2554 2564 2573 2594 2615 2629 2641 2658 2671 2686 2703 2719 2738 2751 2691 2688 2659 2653 2643 2630 2621 2612 2613 2610 2613 2615 2618 2621 2625 2628 2634 2639 2644 2651 2657 2665 2671 2659 2624 2617 2602 2593 2592 2595 2599 2603 2609 2615 2622 2627
2246 2243 2241 2239 2241 2243 2250 2253 2257 2264 2267 2274 2278 2283 2290 2295 2305 2316 2330 2342 2358 2368 2377 2386 2400 2414 2418 2445 2468 2480 2491 2512 2535 2550 2565 2574 2585 2595 2607 2622 2647 2654 2673 2691 2708 2718 2741 2756 2765 2777 2708 2712 2712 2688 2669 2657 2654 2645 2647 2647 2649 2650 2652 2656 2660 2666 2672 2678 2686 2689 2697 2698 2674 2681 2661 2640 2624 2611 2614 2616 2618 2621 2627 2633 2637
2257 2256 2254 2253 2252 2255 2262 2267 2271 2274 2278 2285 2287 2292 2296 2303 2314 2326 2347 2368 2385 2380 2383 2403 2415 2438 2442 2466 2472 2496 2513 2531 2552 2562 2575 2584 2594 2607 2623 2645 2662 2678 2692 2713 2724 2737 2752 2770 2781 2793 2798 2809 2737 2738 2710 2700 2686 2685 2681 2680 2679 2681 2683 2687 2690 2696 2704 2711 2718 2726 2734 2734 2723 2716 2719 2693 2651 2633 2626 2628 2632 2635 2638 2642 2645
2272 2272 2271 2267 2266 2268 2270 2274 2278 2284 2288 2294 2300 2303 2309 2317 2332 2352 2362 2386 2394 2407 2414 2426 2439 2450 2465 2475 2494 2515 2530 2548 2562 2574 2586 2597 2607 2621 2647 2658 2669 2691 2709 2730 2747 2756 2774 2785 2795 2805 2814 2822 2831 2762 2752 2731 2728 2721 2715 2712 2711 2711 2713 2715 2719 2724 2732 2742 2751 2762 2756 2754 2752 2759 2745 2739 2692 2655 2632 2635 2639 2649 2656 2656 2658
2296 2293 2292 2293 2287 2281 2279 2284 2287 2293 2300 2306 2314 2319 2328 2338 2348 2364 2376 2387 2400 2423 2436 2450 2462 2473 2483 2500 2509 2521 2541 2553 2567 2583 2596 2611 2627 2644 2660 2672 2701 2712 2731 2747 2760 2773 2784 2794 2809 2816 2825 2832 2837 2804 2777 2773 2761 2755 2747 2745 2741 2741 2741 2744 2746 2752 2760 2771 2782 2785 2793 2789 2797 2793 2795 2772 2745 2744 2732 2722 2729 2716 2720 2670 2674
2311 2310 2306 2310 2307 2301 2299 2298 2304 2306 2310 2314 2323 2334 2348 2357 2366 2376 2387 2406 2422 2439 2454 2474 2481 2488 2498 2509 2520 2532 2536 2554 2572 2587 2603 2618 2636 2657 2672 2698 2710 2722 2740 2754 2769 2778 2790 2801 2816 2825 2832 2839 2845 2853 2823 2801 2797 2787 2780 2773 2772 2769 2769 2770 2774 2778 2786 2797 2808 2814 2821 2829 2833 2833 2823 2814 2812 2801 2786 2786 2780 2768 2758 2745 2741
2326 2324 2322 2318 2317 2320 2318 2318 2322 2326 2329 2336 2347 2354 2361 2373 2378 2392 2404 2419 2441 2462 2483 2492 2499 2508 2517 2526 2531 2541 2549 2574 2586 2600 2608 2624 2649 2667 2700 2706 2726 2745 2753 2766 2778 2790 2801 2814 2826 2834 2842 2847 2853 2858 2833 2841 2825 2823 2810 2807 2800 2797 2796 2797 2798 2803 2810 2822 2830 2844 2853 2862 2866 2866 2865 2863 2859 2854 2848 2840 2835 2827 2813 2796 2785
2342 2338 2340 2341 2342 2347 2346 2348 2351 2362 2357 2364 2373 2377 2380 2393 2397 2407 2432 2459 2464 2489 2500 2511 2514 2523 2535 2545 2555 2571 2579 2591 2603 2612 2624 2639 2666 2702 2725 2734 2744 2758 2767 2777 2788 2802 2815 2828 2839 2847 2854 2858 2863 2869 2876 2863 2866 2846 2842 2832 2828 2824 2822 2819 2825 2827 2835 2843 2857 2868 2879 2889 2897 2898 2899 2900 2900 2898 2894 2888 2880 2871 2859 2847 2834
2371 2366 2363 2366 2366 2378 2382 2389 2395 2401 2398 2396 2403 2409 2414 2427 2426 2442 2459 2464 2489 2493 2503 2517 2528 2534 2552 2566 2580 2589 2600 2607 2617 2624 2635 2659 2696 2726 2735 2753 2764 2776 2788 2800 2813 2829 2841 2844 2852 2861 2870 2878 2883 2891 2899 2904 2886 2886 2867 2862 2855 2850 2845 2849 2847 2851 2857 2866 2877 2890 2900 2911 2919 2925 2927 2931 2933 2934 2931 2930 2921 2911 2902 2888 2871
2400 2400 2399 2402 2403 2409 2420 2425 2433 2435 2436 2434 2439 2432 2444 2454 2470 2479 2493 2502 2502 2511 2521 2533 2546 2562 2575 2586 2597 2607 2610 2621 2626 2646 2693 2710 2726 2740 2753 2764 2772 2789 2806 2820 2828 2842 2855 2863 2874 2883 2892 2900 2905 2913 2916 2921 2927 2903 2908 2890 2888 2872 2875 2872 2875 2873 2880 2885 2896 2907 2920 2930 2939 2945 2950 2956 2959 2961 2962 2961 2955 2946 2936 2920 2905
2421 2426 2428 2430 2433 2433 2451 2454 2459 2459 2463 2469 2464 2463 2467 2477 2483 2504 2507 2517 2526 2529 2542 2548 2559 2581 2593 2607 2614 2623 2632 2640 2639 2688 2710 2723 2742 2749 2757 2771 2788 2807 2823 2835 2844 2853 2863 2878 2892 2902 2907 2912 2918 2923 2928 2932 2941 2947 2926 2924 2902 2912 2901 2900 2896 2899 2900 2908 2915 2925 2935 2947 2956 2964 2970 2977 2981 2985 2988 2986 2983 2976 2966 2952 2934
2439 2448 2453 2457 2465 2468 2476 2484 2489 2492 2493 2495 2494 2496 2501 2504 2507 2516 2526 2531 2541 2555 2563 2582 2594 2608 2623 2629 2637 2656 2658 2665 2696 2705 2734 2744 2750 2760 2769 2785 2803 2823 2837 2845 2856 2868 2883 2895 2906 2916 2923 2928 2933 2937 2943 2950 2957 2965 2972 2975 2948 2932 2935 2930 2927 2922 2925 2927 2935 2944 2953 2962 2973 2981 2988 2995 3001 3006 3009 3009 3007 3002 2994 2981 2963
2469 2469 2471 2477 2483 2488 2495 2499 2506 2512 2519 2522 2523 2525 2530 2529 2536 2540 2547 2547 2558 2572 2584 2601 2615 2632 2648 2663 2679 2692 2695 2715 2732 2744 2755 2754 2768 2779 2791 2804 2818 2833 2846 2857 2867 2881 2900 2912 2922 2928 2936 2944 2951 2954 2961 2966 2971 2982 2990 2994 2999 3007 2962 2963 2953 2950 2947 2953 2956 2964 2970 2979 2988 2998 3005 3012 3019 3024 3028 3030 3029 3028 3021 3009 2991
2481 2484 2490 2496 2497 2503 2507 2511 2520 2529 2539 2549 2561 2576 2573 2560 2560 2564 2566 2574 2585 2598 2606 2618 2644 2659 2679 2690 2717 2725 2737 2746 2762 2768 2771 2775 2790 2799 2815 2828 2837 2847 2859 2871 2886 2902 2919 2931 2937 2945 2952 2958 2964 2970 2974 2982 2988 2997 3002 3006 3012 3016 3024 2985 2985 2975 2974 2974 2982 2985 2993 2999 3007 3014 3022 3028 3036 3042 3047 3052 3053 3053 3049 3040 3026
2496 2501 2504 2504 2509 2513 2518 2526 2532 2550 2567 2588 2600 2606 2607 2598 2598 2601 2607 2613 2628 2627 2626 2688 2698 2704 2712 2720 2735 2747 2761 2772 2776 2785 2791 2799 2811 2824 2841 2847 2855 2864 2878 2893 2906 2926 2944 2950 2953 2960 2967 2975 2977 2981 2987 2995 2999 3004 3010 3015 3018 3027 3032 3042 3006 3009 3004 3005 3004 3011 3014 3021 3029 3033 3038 3047 3054 3061 3068 3075 3080 3082 3083 3079 3063
2520 2520 2519 2520 2522 2525 2532 2542 2551 2576 2593 2609 2617 2620 2623 2626 2624 2634 2648 2654 2653 2673 2691 2705 2716 2718 2734 2746 2758 2767 2778 2781 2793 2798 2809 2826 2835 2847 2855 2862 2869 2879 2895 2918 2937 2950 2956 2963 2970 2978 2985 2992 2994 2998 3003 3007 3010 3014 3018 3021 3027 3032 3042 3053 3070 3035 3039 3035 3035 3037 3041 3050 3049 3054 3060 3068 3074 3082 3091 3101 3108 3115 3118 3119 3112
2538 2536 2537 2541 2545 2549 2548 2559 2575 2599 2609 2621 2631 2634 2637 2640 2645 2652 2658 2663 2677 2683 2702 2713 2725 2745 2758 2769 2777 2781 2791 2796 2805 2815 2822 2835 2854 2864 2875 2879 2884 2897 2918 2946 2959 2969 2980 2985 2992 3000 3003 3004 3008 3015 3017 3021 3025 3032 3033 3035 3040 3045 3057 3070 3085 3100 3070 3075 3067 3072 3077 3074 3077 3077 3083 3092 3101 3107 3117 3129 3140 3150 3160 3164 3172
2557 2560 2563 2570 2575 2572 2574 2587 2601 2612 2620 2635 2636 2642 2647 2651 2658 2661 2672 2682 2693 2706 2716 2728 2752 2770 2779 2789 2795 2803 2811 2816 2827 2842 2852 2861 2870 2878 2882 2887 2898 2915 2939 2969 2979 2989 2998 3006 3010 3011 3013 3017 3020 3024 3030 3037 3043 3049 3052 3053 3059 3066 3075 3089 3102 3116 3133 3102 3106 3111 3105 3104 3104 3107 3113 3120 3125 3134 3145 3161 3172 3188 3200 3222 3229
2580 2591 2602 2611 2609 2612 2615 2625 2622 2632 2637 2644 2648 2650 2653 2660 2669 2676 2686 2697 2707 2719 2734 2751 2766 2780 2800 2811 2822 2830 2841 2847 2858 2864 2866 2874 2882 2892 2897 2910 2927 2944 2969 2984 2993 3003 3016 3022 3020 3022 3020 3024 3029 3032 3039 3048 3052 3059 3060 3067 3077 3090 3100 3115 3124 3136 3147 3157 3173 3139 3144 3138 3136 3144 3149 3149 3154 3164 3179 3192 3209 3228 3247 3271 3292
2615 2626 2629 2639 2643 2646 2653 2659 2666 2665 2659 2661 2662 2663 2668 2672 2679 2690 2704 2712 2726 2738 2757 2773 2789 2807 2814 2823 2837 2844 2855 2860 2866 2876 2886 2891 2899 2922 2942 2949 2964 2980 2995 3008 3018 3023 3026 3029 3030 3032 3031 3035 3041 3048 3051 3054 3063 3074 3083 3088 3099 3115 3125 3133 3143 3152 3161 3171 3185 3197 3161 3166 3182 3185 3179 3184 3195 3203 3212 3228 3248 3270 3289 3316 3376
2630 2644 2655 2663 2668 2678 2685 2687 2690 2687 2684 2683 2684 2685 2689 2696 2711 2724 2729 2739 2755 2766 2778 2790 2807 2822 2824 2842 2852 2857 2867 2874 2882 2895 2904 2912 2926 2938 2951 2967 2985 2999 3017 3028 3037 3043 3043 3046 3048 3052 3056 3060 3065 3069 3074 3081 3089 3095 3107 3117 3121 3132 3142 3153 3163 3170 3180 3184 3192 3202 3210 3221 3232 3210 3218 3222 3232 3249 3261 3275 3282 3303 3362 3374 3390
2654 2667 2676 2686 2693 2697 2702 2702 2704 2706 2711 2709 2707 2718 2727 2738 2742 2750 2759 2771 2777 2795 2808 2817 2829 2837 2845 2854 2863 2877 2885 2900 2913 2921 2928 2939 2951 2960 2971 2988 3002 3019 3043 3059 3064 3067 3063 3063 3067 3074 3076 3085 3091 3094 3096 3099 3106 3111 3123 3131 3145 3152 3161 3171 3183 3192 3201 3204 3208 3215 3226 3238 3248 3266 3277 3287 3295 3302 3315 3333 3348 3361 3371 3391 3409
2684 2689 2696 2701 2708 2715 2716 2723 2729 2733 2740 2742 2753 2757 2761 2766 2773 2780 2785 2804 2807 2811 2826 2852 2855 2866 2883 2905 2908 2923 2926 2931 2944 2953 2955 2966 2977 2986 2996 3009 3031 3058 3070 3077 3079 3080 3083 3085 3088 3089 3095 3105 3110 3114 3115 3118 3125 3130 3141 3152 3164 3171 3181 3192 3204 3210 3218 3222 3227 3234 3244 3249 3259 3272 3283 3295 3302 3312 3323 3339 3362 3373 3390 3415 3442
2716 2718 2723 2728 2734 2738 2746 2750 2751 2754 2757 2764 2770 2775 2778 2784 2787 2796 2809 2819 2830 2843 2862 2876 2889 2896 2920 2929 2950 2966 2972 2975 2976 2977 2983 2992 2998 3004 3015 3035 3053 3076 3084 3083 3091 3098 3101 3103 3106 3107 3112 3118 3124 3129 3132 3139 3145 3152 3164 3172 3182 3191 3202 3213 3221 3227 3234 3239 3250 3252 3256 3263 3270 3283 3296 3305 3310 3315 3325 3348 3376 3393 3411 3431 3443
2742 2747 2751 2754 2763 2767 2771 2772 2774 2774 2776 2781 2787 2796 2800 2807 2815 2822 2841 2856 2872 2884 2899 2910 2927 2941 2952 2957 2980 2996 3002 3002 3001 3000 3009 3017 3022 3029 3038 3051 3071 3081 3092 3103 3108 3114 3116 3120 3124 3124 3125 3132 3136 3141 3147 3153 3160 3169 3176 3184 3196 3205 3215 3224 3232 3239 3245 3252 3259 3263 3268 3278 3288 3297 3302 3311 3317 3324 3343 3356 3385 3407 3423 3433 3442
2769 2773 2776 2780 2783 2787 2789 2790 2790 2794 2795 2797 2802 2809 2816 2825 2831 2838 2852 2876 2908 2930 2940 2952 2952 2965 2984 3008 3017 3024 3028 3031 3029 3030 3039 3047 3053 3056 3059 3069 3081 3092 3103 3110 3118 3124 3132 3136 3135 3134 3137 3140 3145 3147 3154 3162 3169 3179 3189 3197 3206 3212 3224 3234 3243 3249 3255 3259 3262 3271 3277 3285 3296 3307 3312 3320 3328 3339 3344 3359 3390 3408 3424 3431 3437
2796 2799 2803 2807 2811 2812 2816 2817 2818 2815 2815 2817 2822 2826 2835 2835 2845 2848 2868 2907 2942 2972 2970 2979 2994 3012 3031 3044 3053 3057 3059 3064 3062 3065 3065 3072 3074 3079 3089 3097 3111 3118 3128 3133 3135 3141 3148 3156 3158 3158 3158 3157 3161 3163 3168 3173 3179 3188 3197 3203 3212 3219 3229 3239 3246 3251 3260 3264 3272 3280 3290 3297 3307 3313 3318 3326 3335 3346 3362 3373 3394 3405 3413 3423 3430
2813 2818 2823 2829 2831 2837 2842 2847 2850 2846 2843 2838 2842 2848 2857 2865 2863 2870 2907 2944 2987 2989 3004 3020 3043 3068 3065 3078 3091 3097 3090 3098 3100 3099 3099 3102 3105 3112 3121 3126 3141 3151 3156 3162 3167 3171 3175 3178 3184 3186 3184 3185 3191 3190 3194 3195 3198 3203 3210 3215 3223 3233 3239 3246 3254 3262 3269 3276 3285 3292 3299 3307 3314 3319 3325 3337 3345 3356 3361 3376 3386 3396 3406 3414 3422
2830 2832 2839 2848 2855 2858 2868 2877 2876 2873 2866 2867 2870 2872 2884 2901 2911 2930 2948 2992 3000 3020 3051 3070 3084 3100 3113 3120 3124 3129 3132 3137 3138 3136 3144 3140 3140 3143 3152 3165 3169 3174 3186 3190 3200 3200 3203 3206 3205 3205 3210 3213 3214 3213 3212 3214 3214 3213 3216 3224 3231 3240 3249 3258 3267 3274 3280 3285 3291 3299 3307 3313 3318 3324 3331 3341 3346 3354 3367 3377 3382 3392 3401 3412 3417
2848 2855 2867 2875 2879 2897 2901 2908 2907 2902 2892 2892 2894 2900 2915 2927 2938 2952 2985 3028 3040 3048 3070 3096 3101 3121 3132 3155 3164 3163 3162 3169 3183 3185 3183 3181 3178 3182 3197 3204 3203 3205 3213 3222 3230 3234 3238 3237 3233 3228 3227 3233 3232 3231 3231 3228 3225 3225 3227 3230 3237 3246 3257 3267 3275 3281 3288 3292 3298 3303 3311 3319 3324 3332 3338 3341 3350 3361 3370 3377 3386 3394 3403 3408 3416
2867 2879 2889 2897 2908 2916 2923 2930 2927 2920 2920 2919 2916 2922 2933 2951 2948 2999 3039 3034 3071 3081 3096 3112 3126 3144 3169 3178 3185 3198 3209 3215 3226 3232 3236 3238 3235 3233 3236 3234 3230 3234 3239 3254 3260 3262 3266 3263 3263 3249 3253 3256 3259 3256 3257 3254 3248 3247 3247 3246 3250 3257 3268 3276 3283 3285 3292 3297 3302 3311 3319 3328 3331 3339 3344 3349 3358 3365 3373 3382 3390 3398 3403 3409 3414
2889 2897 2906 2916 2932 2939 2944 2949 2953 2947 2947 2952 2958 2965 2980 3023 3029 3041 3050 3077 3102 3121 3133 3141 3157 3172 3189 3211 3230 3237 3240 3248 3257 3263 3267 3261 3256 3263 3257 3263 3265 3269 3275 3279 3282 3286 3290 3291 3298 3295 3287 3281 3283 3279 3275 3279 3286 3283 3286 3282 3275 3274 3277 3286 3294 3297 3303 3307 3314 3322 3329 3333 3341 3347 3353 3358 3362 3369 3376 3383 3392 3398 3406 3408 3410
2913 2919 2936 2938 2952 2963 2964 2969 2970 2978 2980 2992 2986 3013 3032 3057 3075 3092 3097 3114 3127 3151 3152 3164 3178 3196 3222 3238 3253 3267 3271 3283 3283 3279 3276 3277 3278 3284 3287 3288 3298 3304 3307 3311 3313 3316 3310 3312 3313 3320 3315 3315 3307 3304 3296 3292 3314 3317 3313 3309 3307 3300 3301 3304 3309 3313 3323 3323 3329 3338 3344 3348 3351 3355 3361 3364 3368 3375 3379 3386 3392 3399 3401 3403 3406
